radix 1 1 1 4 4 1 1 4 4 4 4 1
io    i i i i i i i i i i i i
vname pre write_en read_en a<[4:1]> a_b<[4:1]> a<0> a_b<0> d<[15:12]> d<[11:8]> d<[7:4]> d<[3:0]> clk
slope 0.01
vih 1.8
vil 0
tunit ns

0 0 0 0 5 A 0 1 0 0 0 0 0
5 1 1 0 5 A 0 1 A 5 A 5 0 

10 0 0 0 3 C 1 0 0 0 0 0 0 
15 1 1 0 3 C 1 0 3 3 5 B 0

20 0 0 0 4 B 1 0 0 0 0 0 0 
25 1 1 0 4 B 1 0 B E E F 0

30 0 0 0 9 6 0 1 0 0 0 0 0 
35 1 1 0 9 6 0 1 B 4 6 C 0

40 0 0 0 9 6 1 0 0 0 0 0 0 
45 1 1 0 9 6 1 0 9 F 4 E 0

50 0 0 0 E 1 0 1 0 0 0 0 0 
55 1 1 0 E 1 0 1 F E 8 C 0

60 0 0 0 F 0 1 0 0 0 0 0 0 
65 1 1 0 F 0 1 0 F 8 D 6 0

70 0 0 0 7 8 0 1 0 0 0 0 0 
75 1 1 0 7 8 0 1 D E A D 0

80 0 0 0 A 5 0 1 0 0 0 0 0 
85 1 1 0 A 5 0 1 C 7 A A 0

90 0 0 0 0 F 0 1 0 0 0 0 0 
95 1 1 0 0 F 0 1 9 B 0 1 0



100 0 0 0 0 F 0 1 0 0 0 0 0
105 1 0 1 0 F 0 1 0 0 0 0 1

110 0 0 0 F 0 1 0 0 0 0 0 0
115 1 0 1 F 0 1 0 0 0 0 0 1

120 0 0 0 F 0 1 0 0 0 0 0 0 
125 1 0 1 F 0 1 0 0 0 0 0 1 

130 0 0 0 9 6 1 0 0 0 0 0 0
135 1 0 1 9 6 1 0 0 0 0 0 1

140 0 0 0 F 0 1 0 0 0 0 0 0
145 1 0 1 F 0 1 0 0 0 0 0 1

150 0 0 0 9 6 1 0 0 0 0 0 0
155 1 0 1 9 6 1 0 0 0 0 0 1

160 0 0 0 0 F 0 1 0 0 0 0 0
165 1 0 1 0 F 0 1 0 0 0 0 1

170 0 0 0 5 A 0 1 0 0 0 0 0
175 1 0 1 5 A 0 1 0 0 0 0 1

180 0 0 0 9 6 0 1 0 0 0 0 0
185 1 0 1 9 6 0 1 0 0 0 0 1

190 0 0 0 5 A 0 1 0 0 0 0 0
195 1 0 1 5 A 0 1 0 0 0 0 1